#TESTNET CREDENTIALS
OPERATOR_ID = 0.0.2520793
OPERATOR_PBKEY = 302a300506032b6570032100368260e7e005ddb8557d66ddfa0c6f7c0383152edb58688c534ad9b47ef58adb
OPERATOR_PVKEY = 302e020100300506032b6570042204202cf397862247a379304bfd716dc4e08926500e5e0fee9d1b8d1fe1deec4c045a

TREASURY_ID = 0.0.2917624
TREASURY_PBKEY = 302a300506032b6570032100a34122a17c6cd91d068e733f7aa95a1404e606e7c8c6b8548856431d458ce203
TREASURY_PVKEY = 302e020100300506032b6570042204201e369c54b484eed8ecd03df0b2b3210256709974ca7c0da9708ff81b464a5602

ALICE_ID = 0.0.2665800
ALICE_PBKEY = 302a300506032b6570032100afc57fa3b68641034108ddfe22cff9d2dcad2461e2a8dd0d95a7e311af095ebf
ALICE_PVKEY = 302e020100300506032b657004220420b18c1fe7238d4e7dfe73405de458905f0b6b74419056382bba9f47f20a271793

BOB_ID = 0.0.2667824
BOB_PBKEY = 302a300506032b6570032100d918da30b825d0cdcc1fff01ae5cc9716c2e1d2d8b9e3ab8c7a50755de6a5c3b
BOB_PVKEY = 302e020100300506032b657004220420ed8f85706372da5a1f4d3c8b409187e3278dd2087a5c86cefc96a55823d0987e
